date	open	high	low	close	volume
02-01-2015	312.58	314.75	3.069.601	308.52	2788101
05-01-2015	307.01	308.38	300.85	302.19	2774231
06-01-2015	302.24	303.0	292.38	295.29	3519034
07-01-2015	297.5	301.28	295.33	298.42	2640349
08-01-2015	300.32	303.14	296.11	300.46	3088398
09-01-2015	301.48	302.87	296.68	296.93	2592360
12-01-2015	297.56	298.51	289.281	291.41	3421392
13-01-2015	297.48	3.014.976	293.23	294.74	4136442
14-01-2015	291.93	295.91	286.503	293.27	5538666
15-01-2015	294.0	2.959.995	286.815	286.95	4419196
16-01-2015	286.28	290.79	285.25	290.74	3478176
20-01-2015	292.59	2.933.599	286.39	289.44	3075081
21-01-2015	289.64	306.0	287.26	297.25	10065076
22-01-2015	300.0	312.25	300.0	310.32	5362640
23-01-2015	308.08	316.93	307.72	312.39	4496419
26-01-2015	311.82	313.0	3.075.201	309.66	3169665
27-01-2015	306.3	310.243	302.625	306.75	2920315
28-01-2015	309.81	311.51	303.8	303.91	3063774
29-01-2015	304.73	312.8	299.33	311.78	8656567
30-01-2015	346.32	359.5	340.74	354.53	23856060
02-02-2015	350.05	365.0	350.01	364.47	10231914
03-02-2015	360.29	367.817	360.21	363.55	6212565
04-02-2015	358.38	367.5	358.23	364.75	4169927
05-02-2015	366.0	378.8	365.9	373.89	7247605
06-02-2015	374.87	3.759.899	371.01	374.28	3892382
09-02-2015	371.0	374.41	367.2	370.56	2724630
10-02-2015	371.19	374.3	368.51	372.995	2287232
11-02-2015	371.23	377.1	371.1	375.14	2786523
12-02-2015	375.1	378.51	373.15	377.17	2791050
13-02-2015	378.41	383.0	377.01	381.83	3475069
17-02-2015	377.72	379.985	372.67	375.43	3673208
18-02-2015	373.78	376.74	372.85	373.37	2650610
19-02-2015	373.49	381.88	373.43	378.995	2953752
20-02-2015	378.62	383.7	375.84	383.66	3258023
23-02-2015	383.44	384.54	378.0	380.14	2176989
24-02-2015	378.65	380.48	376.16	378.59	1921850
25-02-2015	377.27	387.85	376.54	385.37	3174495
26-02-2015	384.07	389.37	383.28	384.8	2687107
27-02-2015	384.0	385.99	379.79	380.16	2532309
02-03-2015	380.85	385.9	379.481	385.655	2139205
03-03-2015	383.95	386.1	381.601	384.61	1946498
04-03-2015	385.71	387.9	382.19	382.72	2259141
05-03-2015	385.61	3.884.182	383.89	387.83	2693518
06-03-2015	385.52	387.0	378.88	380.09	2627042
09-03-2015	378.4	379.33	375.28	378.56	2311390
10-03-2015	377.45	377.77	369.18	369.51	3120972
11-03-2015	370.61	373.35	366.26	366.37	2495097
12-03-2015	368.82	375.5	367.52	374.24	2810001
13-03-2015	371.52	373.99	366.68	370.58	2611658
16-03-2015	370.38	373.94	366.72	373.35	2354059
17-03-2015	371.11	374.5	369.64	371.92	2036961
18-03-2015	369.97	375.99	366.7	375.135	2654135
19-03-2015	373.87	377.11	372.19	373.24	1915671
20-03-2015	376.29	379.37	375.92	378.49	3763553
23-03-2015	378.07	381.77	374.94	375.11	2239343
24-03-2015	373.99	375.24	372.27	374.09	2228214
25-03-2015	375.17	380.5	370.285	370.96	3429497
26-03-2015	369.59	371.4	365.65	367.35	2929962
27-03-2015	367.11	373.17	3.665.734	370.56	2609774
30-03-2015	371.87	376.12	371.55	374.59	1820933
31-03-2015	373.24	377.7	371.51	372.1	2506122
01-04-2015	372.1	373.16	368.34	370.255	2458095
02-04-2015	370.5	373.28	369.0	372.25	1875279
06-04-2015	370.1	380.2	369.36	377.04	3050709
07-04-2015	376.15	379.31	374.03	374.41	1954902
08-04-2015	374.66	381.58	374.65	381.2	2636434
09-04-2015	380.66	384.42	378.795	383.54	2392328
10-04-2015	384.31	387.12	3.813.151	382.65	2573519
13-04-2015	383.53	385.28	380.14	382.36	1894453
14-04-2015	383.51	387.81	3.812.101	385.11	2583575
15-04-2015	384.65	385.78	381.64	383.45	1933229
16-04-2015	383.69	387.45	383.55	386.04	2080418
17-04-2015	382.63	383.56	374.4	375.56	3839664
20-04-2015	378.55	391.94	377.0	389.51	5016148
21-04-2015	391.31	394.6	386.8	391.18	4643524
22-04-2015	391.91	394.28	388.0	389.8	3474724
23-04-2015	390.21	391.88	386.15	389.99	7979985
24-04-2015	439.0	452.65	439.0	445.1	17176904
27-04-2015	443.86	446.99	437.41	438.56	5430949
28-04-2015	438.51	439.0	428.04	429.31	4140483
29-04-2015	426.75	434.24	426.03	429.37	3621688
30-04-2015	427.11	431.75	419.24	421.78	3647877
01-05-2015	423.82	425.64	416.0	422.87	3565824
04-05-2015	424.8	429.77	422.42	423.04	2270448
05-05-2015	422.85	427.51	421.02	421.19	2856386
06-05-2015	421.43	4.227.165	414.55	419.1	2552474
07-05-2015	424.15	428.5	422.85	426.88	2766132
08-05-2015	430.75	435.2	430.174	433.69	2908838
11-05-2015	432.51	439.0	431.37	432.85	2393737
12-05-2015	431.08	433.25	426.71	431.02	1947822
13-05-2015	429.98	433.528	425.8	426.87	1996328
14-05-2015	429.45	433.0	427.01	432.28	1888477
15-05-2015	428.0	4.303.962	424.3	426.0	4240306
18-05-2015	426.0	427.27	421.46	425.24	2390229
19-05-2015	424.87	428.24	420.63	421.71	2465240
20-05-2015	420.6	427.1	418.36	423.86	2196159
21-05-2015	428.0	436.9	428.0	431.63	4121401
22-05-2015	431.55	432.44	427.61	427.63	2020629
26-05-2015	426.2	427.0	422.0	425.47	2244185
27-05-2015	427.45	431.85	425.01	431.42	2231088
28-05-2015	429.71	431.35	425.47	426.57	1912436
29-05-2015	427.23	432.5	427.23	429.23	3016060
01-06-2015	430.4	433.16	426.2	430.92	2253264
02-06-2015	430.07	433.23	426.25	430.99	1669845
03-06-2015	434.4	438.39	432.75	436.59	2727914
04-06-2015	434.4	436.755	429.26	430.78	2510761
05-06-2015	429.66	430.8	426.5	426.95	1907855
08-06-2015	425.62	426.8	421.425	423.5	2172525
09-06-2015	422.96	427.49	419.14	425.48	2288663
10-06-2015	426.46	432.2	425.66	430.77	2172333
11-06-2015	432.29	438.89	431.47	432.97	2922459
12-06-2015	431.25	432.36	428.26	429.92	2054385
15-06-2015	427.66	428.05	422.64	423.67	2050987
16-06-2015	424.15	427.97	422.67	427.26	2297469
17-06-2015	428.36	431.35	424.753	427.81	2185869
18-06-2015	430.3	439.73	429.405	439.39	3378360
19-06-2015	440.26	444.99	433.24	434.92	4495087
22-06-2015	437.0	439.24	434.18	436.29	1823572
23-06-2015	435.59	447.04	433.69	445.99	3245049
24-06-2015	444.97	446.47	440.23	440.84	2620827
25-06-2015	438.07	443.47	436.39	440.1	2237458
26-06-2015	441.76	443.49	435.06	438.1	2624479
29-06-2015	434.98	437.0	429.0	429.86	2753193
30-06-2015	434.2	435.57	430.46	434.09	2596873
01-07-2015	439.35	440.0	435.58	437.39	1987076
02-07-2015	437.0	438.2	433.48	437.71	1343397
06-07-2015	435.23	439.73	433.52	436.04	1903161
07-07-2015	435.68	437.73	425.57	436.72	3454248
08-07-2015	434.35	435.99	428.83	429.7	2383130
09-07-2015	434.9	438.72	434.15	434.39	2271395
10-07-2015	440.49	444.72	439.0	443.51	2400981
13-07-2015	448.29	457.87	447.54	455.57	3956802
14-07-2015	462.32	469.6	458.16	465.57	4736215
15-07-2015	463.04	464.7	460.2	461.19	2987399
16-07-2015	465.5	475.88	464.8	475.48	4095581
17-07-2015	477.7	485.42	477.25	483.01	4932176
20-07-2015	492.57	493.2	485.4	488.1	4752491
21-07-2015	487.9	488.88	482.55	488.0	3181831
22-07-2015	485.99	492.5	484.9	488.27	3114898
23-07-2015	491.66	491.66	475.7	482.18	9374431
24-07-2015	578.99	580.57	529.35	529.42	21909381
27-07-2015	527.75	544.95	526.6	531.41	7490960
28-07-2015	536.0	536.39	523.12	526.03	5273092
29-07-2015	530.92	5.329.655	525.02	529.0	3752634
30-07-2015	527.65	539.2	524.29	536.76	3743065
31-07-2015	539.09	542.84	5.345.201	536.15	3025598
03-08-2015	537.45	540.44	529.36	535.03	3014236
04-08-2015	529.69	536.95	529.163	531.9	2934590
05-08-2015	538.8	539.14	534.119	537.01	2889350
06-08-2015	539.3	542.74	527.52	529.46	3820453
07-08-2015	529.16	5.294.599	518.21	522.62	3969215
10-08-2015	528.52	5.322.764	523.0	524.0	2615926
11-08-2015	523.65	528.98	522.0	527.46	2676600
12-08-2015	523.75	527.5	513.06	525.91	4014684
13-08-2015	527.37	534.66	5.254.846	529.66	2895238
14-08-2015	528.25	534.11	528.25	531.52	1994799
17-08-2015	531.29	538.74	527.12	535.22	2581680
18-08-2015	535.04	539.49	533.0	535.02	2071342
19-08-2015	533.74	537.25	529.0	532.92	2324040
20-08-2015	530.39	533.25	515.77	515.78	4407990
21-08-2015	507.36	512.33	494.47	494.47	6706466
24-08-2015	463.58	489.76	451.0	463.37	10097601
25-08-2015	487.49	489.44	466.25	466.37	5679329
26-08-2015	484.02	503.72	478.76	500.77	6358639
27-08-2015	514.03	522.69	507.261	518.37	6114506
28-08-2015	517.5	521.5	513.04	518.01	2746708
31-08-2015	516.44	519.41	509.07	512.89	3002293
01-09-2015	499.14	510.0	493.43	496.54	3864514
02-09-2015	505.09	510.86	497.72	510.55	3707116
03-09-2015	514.5	515.84	502.57	504.72	3149694
04-09-2015	497.65	502.85	495.64	499.0	2692510
08-09-2015	508.69	518.35	5.085.144	517.54	3810653
09-09-2015	524.0	529.95	515.06	516.89	4370657
10-09-2015	515.15	526.13	514.78	522.24	2575982
11-09-2015	521.07	529.44	520.605	529.44	3227862
14-09-2015	529.44	532.45	518.58	521.38	3130241
15-09-2015	523.25	527.92	517.2	522.37	2865933
16-09-2015	521.98	528.3	518.52	527.39	2252790
17-09-2015	526.98	546.97	526.57	538.87	4169484
18-09-2015	534.62	546.237	531.35	540.26	6160075
21-09-2015	544.33	549.78	539.59	548.39	3283313
22-09-2015	539.71	543.55	532.66	538.4	3841748
23-09-2015	538.3	541.21	534.0	536.07	2237571
24-09-2015	530.55	534.56	522.87	533.75	3500964
25-09-2015	542.57	542.8	521.4	524.25	4030998
28-09-2015	520.02	520.28	4.943.337	504.06	5434532
29-09-2015	506.0	511.48	490.5	496.07	4457532
30-09-2015	505.44	512.8	5.016.724	511.89	4004681
01-10-2015	511.0	520.8	506.0	520.72	3768483
02-10-2015	512.99	532.6	508.1	532.54	4597795
05-10-2015	536.99	545.91	536.0	543.68	3391359
06-10-2015	545.5	551.5	533.33	537.48	4547519
07-10-2015	541.79	542.0	529.0	541.94	3812087
08-10-2015	536.71	539.386	519.89	533.16	4676440
09-10-2015	534.48	541.79	530.27	539.8	3537364
12-10-2015	539.96	550.82	539.8	550.19	2776103
13-10-2015	546.26	553.2	543.1	548.9	2938044
14-10-2015	551.34	552.25	539.68	544.83	3582060
15-10-2015	547.75	563.0	547.0	562.44	4937034
16-10-2015	565.27	570.94	560.31	570.76	4315792
19-10-2015	570.76	579.0	567.38	573.15	4375420
20-10-2015	572.0	573.0	555.28	560.88	4346209
21-10-2015	563.87	565.25	552.52	555.77	3361655
22-10-2015	562.7	569.146	556.67	563.91	7779372
23-10-2015	617.68	619.45	595.36	599.03	10692667
26-10-2015	602.3	609.85	596.29	608.61	4269715
27-10-2015	608.6	614.71	605.53	611.01	3787136
28-10-2015	612.3	617.23	609.5	617.1	3926200
29-10-2015	617.7	627.54	615.39	626.55	3896026
30-10-2015	626.01	630.72	625.28	625.9	3874363
02-11-2015	627.13	628.63	620.41	628.35	2816479
03-11-2015	629.53	629.89	622.0	625.31	3246910
04-11-2015	627.76	645.93	627.35	640.95	4840501
05-11-2015	647.1	657.0	6.430.901	655.65	4723825
06-11-2015	655.0	662.26	652.0	659.37	4092165
09-11-2015	658.65	661.955	6.478.477	655.49	4048823
10-11-2015	651.01	660.0	647.262	659.68	3489483
11-11-2015	663.25	675.96	663.25	673.25	5387309
12-11-2015	673.0	675.64	664.22	665.6	4284678
13-11-2015	663.57	667.0	640.45	642.35	6261076
16-11-2015	640.92	649.99	622.29	647.81	7435934
17-11-2015	650.65	653.25	641.0	643.3	4320177
18-11-2015	646.51	664.88	646.37	663.54	4469769
19-11-2015	664.99	672.86	659.0	661.27	4705237
20-11-2015	667.94	668.87	657.57	668.45	3896135
23-11-2015	671.5	682.77	668.45	678.99	4385057
24-11-2015	674.14	675.8	6.612.125	671.15	4543417
25-11-2015	675.0	679.7	671.24	675.34	2697889
27-11-2015	680.8	680.99	672.1	673.26	1966801
30-11-2015	675.9	681.29	664.6	664.8	5693172
01-12-2015	673.75	681.0	667.86	679.06	4751152
02-12-2015	681.0	684.82	674.25	676.01	4273526
03-12-2015	679.44	682.79	661.48	666.25	5064736
04-12-2015	666.0	674.775	661.4	672.64	4534796
07-12-2015	674.74	675.46	660.5	669.83	3732814
08-12-2015	663.13	679.99	659.79	677.33	3651908
09-12-2015	678.0	679.0	655.68	664.79	5158172
10-12-2015	665.59	668.526	659.56	662.32	3455472
11-12-2015	651.23	657.88	639.62	640.15	5474420
14-12-2015	641.75	658.585	635.27	657.91	4361273
15-12-2015	665.03	671.5	657.35	658.64	4753415
16-12-2015	663.56	677.35	659.32	675.77	3964470
17-12-2015	680.0	682.5	670.65	670.65	3681645
18-12-2015	668.65	676.84	664.13	664.14	6841304
21-12-2015	668.5	669.9	658.93	664.51	3250900
22-12-2015	666.83	668.49	659.26	663.15	2667795
23-12-2015	666.5	666.597	656.63	663.7	2722922
24-12-2015	663.35	664.68	660.6	662.79	1092970
28-12-2015	665.56	675.5	665.5	675.2	3783555
29-12-2015	677.98	696.44	6.778.893	693.97	5734996
30-12-2015	691.89	695.49	686.375	689.07	3519003
31-12-2015	686.08	687.75	675.89	675.89	3749560
04-01-2016	656.29	657.715	627.51	636.99	9314519
05-01-2016	646.86	646.91	627.65	633.79	5822603
06-01-2016	622.0	639.79	620.31	632.65	5329197
07-01-2016	621.8	630.0	605.21	607.94	7074915
08-01-2016	619.66	624.14	606.0	607.05	5512915
11-01-2016	612.48	619.85	598.57	617.74	4891551
12-01-2016	625.25	625.99	6.122.415	617.89	4724100
13-01-2016	620.88	620.88	579.16	581.81	7655239
14-01-2016	580.25	602.25	569.88	593.0	7237978
15-01-2016	572.24	584.62	565.3	570.18	7784523
19-01-2016	577.09	584.0	566.45	574.48	4807165
20-01-2016	564.36	578.45	547.18	571.77	7966406
21-01-2016	573.58	588.81	568.22	575.02	4952217
22-01-2016	588.73	600.1	5.841.079	596.38	5120144
25-01-2016	597.99	608.5	594.56	596.53	4396079
26-01-2016	603.45	604.5	590.38	601.25	3765655
27-01-2016	601.99	603.39	578.78	583.35	5152853
28-01-2016	608.37	638.06	597.55	635.35	14015171
29-01-2016	571.98	593.0	570.0	587.0	14677550
01-02-2016	578.15	581.8	570.31	574.81	6355123
02-02-2016	570.0	571.56	550.09	552.1	6312045
03-02-2016	553.5	556.0	521.9	531.07	10048709
04-02-2016	525.0	538.99	5.192.201	536.26	6199070
05-02-2016	529.28	529.45	499.19	502.13	9708929
08-02-2016	486.47	493.5	475.21	488.1	9825509
09-02-2016	478.01	498.38	474.0	482.07	7077915
10-02-2016	491.76	504.66	486.0	490.48	6786181
11-02-2016	491.17	509.3	484.0	503.82	7397393
12-02-2016	510.7	516.75	5.014.932	507.08	5384787
16-02-2016	519.48	524.45	511.66	521.1	5118500
17-02-2016	528.74	537.48	519.39	534.1	4824002
18-02-2016	541.19	541.2	523.73	525.0	4735008
19-02-2016	520.71	535.95	515.35	534.9	4974717
22-02-2016	542.2	560.65	541.08	559.5	5566553
23-02-2016	555.55	556.91	545.33	552.94	4050790
24-02-2016	545.75	554.27	5.331.501	554.04	6231668
25-02-2016	555.52	559.39	5.452.946	555.15	4525463
26-02-2016	560.12	562.5	553.17	555.23	4877039
29-02-2016	554.0	564.81	552.51	552.52	4145396
01-03-2016	556.29	579.25	556.0	579.04	5038452
02-03-2016	581.75	585.0	573.7	580.21	4582170
03-03-2016	577.96	579.866	573.11	577.49	2741292
04-03-2016	581.07	581.4	571.065	575.14	3416545
07-03-2016	573.54	573.63	555.55	562.8	4932527
08-03-2016	557.87	571.35	554.74	560.26	4729952
09-03-2016	559.56	560.35	550.125	559.47	4377283
10-03-2016	566.74	567.0	547.9	558.93	3919892
11-03-2016	566.95	570.06	562.73	569.61	3771310
14-03-2016	567.0	576.89	563.05	573.37	3454152
15-03-2016	571.0	581.52	567.0	577.02	3876821
16-03-2016	576.64	581.32	571.14	574.27	3537669
17-03-2016	569.51	571.4	555.01	559.44	5928105
18-03-2016	560.94	562.33	546.09	552.08	7296885
21-03-2016	548.91	555.24	538.58	553.98	5155732
22-03-2016	545.11	562.76	545.05	560.48	4000564
23-03-2016	561.0	572.48	558.1	569.63	3983720
24-03-2016	567.11	583.55	567.08	582.95	5185539
28-03-2016	584.4	584.75	575.56	579.87	3121522
29-03-2016	580.15	595.85	576.5	593.86	4392567
30-03-2016	596.71	603.24	595.0	598.69	3890461
31-03-2016	599.28	600.75	592.21	593.64	2681811
01-04-2016	590.49	599.03	588.3	598.5	2917386
04-04-2016	599.0	599.5	590.55	593.19	2470825
05-04-2016	590.77	593.47	585.25	586.14	2308884
06-04-2016	587.52	602.39	587.5	602.08	2849909
07-04-2016	598.76	599.6	589.08	591.43	3189037
08-04-2016	594.32	597.86	589.0	594.6	2591936
11-04-2016	596.14	604.0	594.91	595.93	2704267
12-04-2016	598.4	604.06	592.31	603.17	2641062
13-04-2016	607.68	616.81	605.29	614.82	4228349
14-04-2016	615.07	624.38	615.07	620.75	3512136
15-04-2016	621.92	626.77	618.11	625.89	2887681
18-04-2016	625.35	637.64	6.249.603	635.35	4360883
19-04-2016	637.14	638.01	620.8	627.9	4055870
20-04-2016	630.0	636.55	623.0	632.99	2609425
21-04-2016	631.0	637.82	628.5	631.0	2596298
22-04-2016	624.47	628.25	611.56	620.5	5083904
25-04-2016	616.61	626.98	6.162.511	626.2	2682924
26-04-2016	626.17	6.267.549	614.88	616.88	2521433
27-04-2016	611.8	615.95	601.28	606.57	4068767
28-04-2016	615.54	626.8	599.2	602.0	7872605
29-04-2016	666.0	669.98	654.0	659.59	10310739
02-05-2016	663.92	685.5	6.620.251	683.85	6578517
03-05-2016	677.36	680.3	670.43	671.32	4923351
04-05-2016	662.59	674.0	662.14	670.9	4635462
05-05-2016	673.31	676.49	656.0	659.09	4884114
06-05-2016	656.05	676.95	656.01	673.95	4365345
09-05-2016	673.95	686.98	671.41	679.75	3982161
10-05-2016	694.0	704.55	693.5	703.07	6105570
11-05-2016	705.79	719.0	701.65	713.23	7338196
12-05-2016	717.38	722.45	711.51	717.93	5048150
13-05-2016	714.64	719.25	706.51	709.92	4763419
16-05-2016	710.13	713.25	700.28	710.66	5432920
17-05-2016	709.9	714.47	693.91	695.27	5121357
18-05-2016	689.56	7.025.399	688.76	697.45	4283189
19-05-2016	691.88	699.4	689.56	698.52	3025566
20-05-2016	701.05	707.24	700.0	702.8	2916165
23-05-2016	704.25	706.0	696.42	696.75	2595082
24-05-2016	698.01	707.5	698.0	704.2	3033782
25-05-2016	708.0	710.86	7.055.159	708.35	3276631
26-05-2016	708.33	715.0	707.293	714.91	2446681
27-05-2016	715.0	716.6	711.1	712.24	2249164
31-05-2016	712.33	724.23	711.32	722.79	3618323
01-06-2016	720.9	726.43	718.22	719.44	3263107
02-06-2016	720.97	728.28	7.155.001	728.24	3026583
03-06-2016	726.74	727.0	718.43	725.54	3367306
06-06-2016	726.5	731.5	724.42	726.73	2704806
07-06-2016	729.89	730.0	720.55	723.74	2732463
08-06-2016	726.4	729.42	721.6	726.64	2223366
09-06-2016	723.1	728.91	722.3	727.65	2170318
10-06-2016	722.35	724.98	714.21	717.91	3425718
13-06-2016	714.01	721.99	711.16	715.24	3352201
14-06-2016	712.33	720.805	712.27	719.3	2506922
15-06-2016	722.0	722.56	7.133.522	714.26	2709447
16-06-2016	712.05	718.0	705.3	717.51	3097961
17-06-2016	718.19	718.2	699.18	706.39	5897788
20-06-2016	713.5	721.31	710.81	714.01	3677162
21-06-2016	715.72	718.4	712.721	715.82	2137534
22-06-2016	716.58	717.0	707.565	710.6	2260454
23-06-2016	715.5	722.12	712.5	722.08	2824974
24-06-2016	693.0	7.125.292	692.2	698.96	7632511
27-06-2016	692.01	6.968.189	682.115	691.36	5584037
28-06-2016	700.0	708.0	6.981.714	707.95	4036957
29-06-2016	715.75	719.5	713.54	715.6	3070052
30-06-2016	717.2	719.37	712.54	715.62	2855142
01-07-2016	717.32	728.0	716.54	725.68	2920423
05-07-2016	722.8	728.11	719.61	728.1	2431431
06-07-2016	725.71	737.77	722.58	737.61	3938249
07-07-2016	739.33	739.55	731.63	736.57	2945783
08-07-2016	740.14	746.1	738.0	745.81	3429217
11-07-2016	750.0	755.9	747.0	753.78	3195272
12-07-2016	756.86	757.34	740.33	748.21	5623657
13-07-2016	746.76	756.87	741.25	742.63	4142265
14-07-2016	748.86	749.04	739.02	741.2	2390472
15-07-2016	746.55	746.55	734.05	735.44	3121385
18-07-2016	735.49	7.415.954	728.72	736.07	2954914
19-07-2016	732.5	743.33	732.31	739.95	2216820
20-07-2016	744.0	746.25	740.7	745.72	2214023
21-07-2016	747.5	749.36	7.427.918	744.43	2317072
22-07-2016	747.79	751.28	743.53	744.86	2277711
25-07-2016	746.55	748.5	735.35	739.61	2679290
26-07-2016	742.71	743.13	7.327.525	735.59	2529692
27-07-2016	737.97	740.94	733.86	736.67	2913134
28-07-2016	745.98	753.36	739.7	752.61	7617580
29-07-2016	765.0	766.0	755.0	758.81	6777050
01-08-2016	759.87	770.5	757.06	767.74	3578205
02-08-2016	763.81	765.01	757.02	760.58	3603280
03-08-2016	757.06	758.89	752.25	754.64	3581525
04-08-2016	753.7	765.0	750.35	760.77	3178208
05-08-2016	764.81	768.47	763.09	765.98	2704391
08-08-2016	766.81	767.0	761.015	766.56	1986272
09-08-2016	767.39	772.6	766.9	768.31	1876091
10-08-2016	769.8	772.1	766.19	768.56	1604280
11-08-2016	769.94	773.75	769.12	771.24	2019740
12-08-2016	768.46	773.15	7.684.225	772.56	1563318
15-08-2016	771.9	772.04	767.71	768.49	2118521
16-08-2016	768.62	7.687.317	763.82	764.04	1604561
17-08-2016	764.41	765.22	759.199	764.63	1891116
18-08-2016	764.0	765.17	760.6	764.46	1458834
19-08-2016	761.9	762.49	756.89	757.31	2343237
22-08-2016	757.5	759.85	752.1	759.48	1679251
23-08-2016	763.31	764.7	761.0	762.45	1524131
24-08-2016	763.0	763.41	755.36	757.25	1744107
25-08-2016	756.0	760.56	754.741	759.22	1622992
26-08-2016	760.05	770.0	759.795	769.0	2776830
29-08-2016	768.72	774.98	768.6	771.29	2198560
30-08-2016	771.05	7.718.358	765.56	767.58	1709158
31-08-2016	766.6	769.64	764.0	769.16	1633789
01-09-2016	770.9	772.04	766.75	770.62	1792271
02-09-2016	774.11	776.0	771.7	772.44	2181792
06-09-2016	774.04	789.48	770.22	788.87	3719788
07-09-2016	789.53	790.79	784.33	784.48	2424622
08-09-2016	783.89	786.5	781.44	784.06	2030511
09-09-2016	779.36	781.0	760.11	760.14	4257344
12-09-2016	757.35	772.66	756.0	771.49	3124704
13-09-2016	768.77	769.89	759.05	761.01	3117224
14-09-2016	762.2	767.5	758.85	761.09	2531822
15-09-2016	762.0	770.87	757.58	769.69	3043534
16-09-2016	773.28	780.46	771.66	778.52	5499182
19-09-2016	779.97	781.94	771.0	775.1	2297221
20-09-2016	776.0	781.37	776.0	780.22	1937164
21-09-2016	783.25	790.69	779.01	789.74	2718644
22-09-2016	794.27	805.889	794.27	804.7	4078910
23-09-2016	803.13	807.75	802.12	805.75	2353511
26-09-2016	801.8	805.93	797.145	799.16	2651397
27-09-2016	801.85	816.64	801.11	816.11	3819600
28-09-2016	818.0	830.14	8.170.337	828.72	4422078
29-09-2016	828.26	837.5	824.63	829.05	4922248
30-09-2016	832.61	839.95	832.4	837.31	4430566
03-10-2016	836.0	839.86	831.25	836.74	2769448
04-10-2016	840.91	842.365	830.26	834.03	2950314
05-10-2016	838.0	845.67	836.12	844.36	3469055
06-10-2016	843.7	847.21	840.6	841.66	2684013
07-10-2016	845.79	845.95	837.45	839.43	2426228
10-10-2016	843.25	845.2	840.27	841.71	1827143
11-10-2016	841.02	841.29	828.35	831.0	3588180
12-10-2016	834.0	837.666	830.1	834.09	2380416
13-10-2016	829.0	831.8	821.21	829.28	3091387
14-10-2016	835.08	835.74	822.96	822.96	2999814
17-10-2016	821.5	822.0	811.68	812.95	3361492
18-10-2016	822.11	823.26	815.02	817.65	2512504
19-10-2016	820.4	820.67	815.17	817.69	2090706
20-10-2016	813.99	815.71	803.1	810.32	3151954
21-10-2016	809.36	819.42	809.0	818.99	2793015
24-10-2016	824.95	838.3	822.21	838.09	4060899
25-10-2016	839.3	843.09	833.22	835.18	3248358
26-10-2016	832.76	833.44	820.0	822.59	3998102
27-10-2016	831.24	831.72	815.43	818.36	7406385
28-10-2016	782.0	789.49	774.61	776.32	10841073
31-10-2016	781.03	793.7	780.11	789.82	5413326
01-11-2016	799.0	800.84	776.713	785.41	5305428
02-11-2016	783.93	784.75	763.55	765.56	5026504
03-11-2016	765.05	777.0	764.0	767.03	3872496
04-11-2016	762.79	766.0	7.532.301	755.05	5122103
07-11-2016	771.64	787.732	770.94	784.93	5984354
08-11-2016	784.97	7.917.399	779.1	787.75	3412629
09-11-2016	764.0	777.5	760.09	771.88	8562892
10-11-2016	778.81	778.83	717.7	742.38	12746994
11-11-2016	735.73	743.26	728.9	739.01	6622784
14-11-2016	745.51	746.0	710.1	719.07	7321344
15-11-2016	730.0	746.78	725.99	743.24	6755785
16-11-2016	739.88	749.87	735.61	746.49	3648791
17-11-2016	749.32	757.5	748.0	756.4	3690112
18-11-2016	761.0	767.74	7.576.435	760.16	4373408
21-11-2016	766.0	780.35	765.11	780.0	4614574
22-11-2016	788.17	792.4	781.0	785.33	5311320
23-11-2016	781.73	781.75	773.12	780.12	3540263
25-11-2016	786.5	786.75	777.9	780.37	1837068
28-11-2016	776.99	777.0	764.24	766.77	4438828
29-11-2016	768.0	769.89	761.32	762.52	3272344
30-11-2016	762.0	768.09	750.25	750.57	4625946
01-12-2016	752.41	753.37	738.03	743.65	4665993
02-12-2016	743.4	7.484.903	736.7	740.34	3561307
05-12-2016	745.0	761.49	742.0	759.36	4314723
06-12-2016	763.99	768.24	757.25	764.72	3794746
07-12-2016	764.55	770.42	755.82	770.42	3684906
08-12-2016	771.87	773.79	765.19	767.33	3189608
09-12-2016	770.0	770.25	765.34	768.66	2470923
12-12-2016	766.4	766.89	757.2	760.12	2963945
13-12-2016	764.96	782.46	762.0	774.34	5285288
14-12-2016	778.25	780.86	762.81	768.82	5454836
15-12-2016	766.28	769.1	760.31	761.0	3801927
16-12-2016	765.0	765.13	754.0	757.77	4848219
19-12-2016	758.89	770.5	756.16	766.0	3113240
20-12-2016	768.65	774.39	767.71	771.22	2703629
21-12-2016	770.0	771.22	765.7	770.6	2044629
22-12-2016	768.12	771.21	763.02	766.34	2543551
23-12-2016	764.55	766.5	757.99	760.59	1981616
27-12-2016	763.4	774.65	761.2	771.4	2638725
28-12-2016	776.25	780.0	770.5	772.13	3301025
29-12-2016	772.4	773.4	760.85	765.15	3158299
30-12-2016	766.47	7.673.999	748.28	749.87	4139449
03-01-2017	757.92	7.587.595	747.7	753.67	3521066
04-01-2017	758.39	759.68	754.2	757.18	2510526
05-01-2017	761.55	7.823.999	7.602.557	780.45	5830068
06-01-2017	782.36	799.44	778.48	795.99	5986234
09-01-2017	798.0	8.017.742	791.77	796.92	3446109
10-01-2017	796.6	798.0	7.895.434	795.9	2558369
11-01-2017	793.66	799.5	789.51	799.02	2992791
12-01-2017	800.31	814.13	799.5	813.64	4873922
13-01-2017	814.32	821.65	811.4	817.14	3791945
17-01-2017	815.7	816.0	803.44	809.72	3670529
18-01-2017	809.5	811.73	804.27	807.48	2354201
19-01-2017	810.0	813.51	807.32	809.04	2540784
20-01-2017	815.28	816.02	806.26	808.33	3376196
23-01-2017	806.8	818.5	805.08	817.88	2797474
24-01-2017	822.0	823.99	814.5	822.44	2971740
25-01-2017	825.79	8.374.183	825.288	836.52	4023078
26-01-2017	835.53	843.84	833.0	839.15	3586323
27-01-2017	839.0	839.7	829.44	835.77	2998700
30-01-2017	833.0	833.5	816.38	830.38	3747336
31-01-2017	823.75	826.99	819.56	823.48	3137196
01-02-2017	829.21	833.78	824.94	832.35	3850181
02-02-2017	836.59	842.49	828.26	839.95	7350492
03-02-2017	806.72	818.3	804.0	810.2	10868773
06-02-2017	809.8	810.72	803.0	807.64	3897301
07-02-2017	809.31	816.16	807.5	812.5	3466091
08-02-2017	812.69	821.479	812.5	819.71	2857985
09-02-2017	821.6	825.0	819.71	821.36	2484948
10-02-2017	823.82	828.0	822.85	827.46	2429609
13-02-2017	831.62	8.429.999	828.55	836.53	4172618
14-02-2017	837.0	838.31	8.314.522	836.39	2792442
15-02-2017	834.0	842.81	832.82	842.7	2968853
16-02-2017	841.84	845.0	839.375	844.14	2714667
17-02-2017	842.0	847.27	840.73	845.07	3112275
21-02-2017	848.84	857.98	847.25	856.44	3507742
22-02-2017	856.95	858.43	852.18	855.61	2616971
23-02-2017	857.57	860.86	848.0	852.19	3461984
24-02-2017	844.69	845.81	8.377.501	845.24	3687963
27-02-2017	842.38	852.5	839.67	848.64	2713627
28-02-2017	851.45	854.09	842.05	845.04	2793709
01-03-2017	853.05	854.83	849.01	853.08	2760083
02-03-2017	853.08	854.82	847.28	848.91	2132098
03-03-2017	847.2	851.985	846.27	849.88	1951575
06-03-2017	845.23	848.49	841.12	846.61	2610370
07-03-2017	845.48	848.46	843.75	846.02	2247554
08-03-2017	848.0	853.07	846.79	850.5	2288317
09-03-2017	851.0	8.563.999	850.31	853.0	2048187
10-03-2017	857.0	857.35	851.72	852.46	2436434
13-03-2017	851.77	855.69	851.71	854.59	1909672
14-03-2017	853.55	853.75	847.55	852.53	2130586
15-03-2017	854.33	854.45	847.11	852.97	2562176
16-03-2017	855.3	855.5	850.51	853.42	1842296
17-03-2017	853.49	853.83	850.64	852.31	3384403
20-03-2017	851.51	857.8	851.01	856.97	2282727
21-03-2017	858.84	862.795	841.31	843.2	4382852
22-03-2017	840.43	849.37	839.05	848.06	2658669
23-03-2017	848.2	850.89	844.8	847.38	1952964
24-03-2017	851.68	851.8	843.53	845.61	2138269
27-03-2017	838.07	850.3	833.5	846.82	2755775
28-03-2017	851.75	858.46	850.1	856.0	3041633
29-03-2017	859.05	876.438	859.02	874.32	4485770
30-03-2017	874.95	877.06	871.66	876.34	2762730
31-03-2017	877.0	890.35	876.65	886.54	3957612
03-04-2017	888.0	893.49	885.42	891.51	3422328
04-04-2017	891.5	9.085.384	890.28	906.83	4984656
05-04-2017	910.82	923.72	905.62	909.28	7508370
06-04-2017	913.8	9.171.899	8.944.927	898.28	6344065
07-04-2017	899.65	900.09	889.31	894.88	3707367
10-04-2017	899.63	908.51	899.0	907.04	3184301
11-04-2017	907.04	911.24	897.5	902.36	3012743
12-04-2017	903.09	904.09	8.952.501	896.23	2456140
13-04-2017	891.45	894.97	884.49	884.67	3174583
17-04-2017	887.5	902.38	887.5	901.99	2854673
18-04-2017	900.99	909.61	900.78	903.78	2999238
19-04-2017	907.84	910.5	897.369	899.2	2870242
20-04-2017	899.7	905.32	896.29	902.06	2814441
21-04-2017	902.67	903.65	896.77	898.53	2420494
24-04-2017	908.68	909.99	903.82	907.41	3122893
25-04-2017	907.04	909.48	903.0	907.62	3380639
26-04-2017	910.3	915.749	907.56	909.29	2608948
27-04-2017	914.39	921.86	912.11	918.38	5305543
28-04-2017	948.83	949.59	9.243.335	924.99	7364681
01-05-2017	927.8	954.4	927.8	948.23	5466544
02-05-2017	946.645	950.1	941.413	946.94	3848835
03-05-2017	946.0	946.0	935.9	941.03	3582686
04-05-2017	944.75	945.0	934.215	937.53	2418381
05-05-2017	940.52	940.79	930.3	934.15	2866397
08-05-2017	940.95	949.05	939.21	949.04	3415731
09-05-2017	952.8	957.89	950.2	952.82	3262113
10-05-2017	953.5	9.537.499	945.0	948.95	2096512
11-05-2017	945.11	950.29	940.775	947.62	2194070
12-05-2017	954.5	962.79	951.53	961.35	3625857
15-05-2017	958.73	963.15	956.055	957.97	4270625
16-05-2017	961.0	970.06	960.91	966.07	3126051
17-05-2017	954.7	9.603.957	944.12	944.76	5145578
18-05-2017	944.8	962.75	944.76	958.49	3939347
19-05-2017	962.84	968.92	959.72	959.84	3972089
22-05-2017	964.0	971.38	962.9	970.67	2642217
23-05-2017	975.02	975.2	966.85	971.54	2415594
24-05-2017	976.0	981.0	970.23	980.35	2463052
25-05-2017	984.85	999.0	982.11	993.38	4822032
26-05-2017	995.0	998.65	9.892.491	995.78	3469154
30-05-2017	996.51	1001.2	995.52	996.7	3263069
31-05-2017	1000.0	1000.12	982.16	994.62	3913115
01-06-2017	998.59	998.99	991.37	995.95	2454841
02-06-2017	998.99	1008.48	995.67	1006.73	3752328
05-06-2017	1007.23	1013.21	1003.51	1011.34	2719859
06-06-2017	1012.0	1016.5	1001.25	1003.0	3346432
07-06-2017	1005.95	1010.25	1002.0	1010.07	2823041
08-06-2017	1012.06	1013.61	1006.11	1010.27	2767857
09-06-2017	1012.5	1012.99	927.0	978.31	7647692
12-06-2017	967.0	975.95	945.0	964.91	9447233
13-06-2017	977.99	984.5	966.1	980.79	4580011
14-06-2017	988.59	990.34	966.71	976.47	3974900
15-06-2017	958.7	965.73	950.86	964.17	5373865
16-06-2017	996.0	999.75	982.0	987.71	11472662
19-06-2017	1017.0	1017.0	989.9	995.17	5043408
20-06-2017	998.0	1004.88	992.02	992.59	4076828
21-06-2017	998.7	1002.72	9.926.518	1002.23	2922473
22-06-2017	1002.23	1006.96	997.2	1001.3	2253433
23-06-2017	1002.54	1004.62	998.02	1003.74	2879145
26-06-2017	1008.5	1009.8	992.0	993.98	3386157
27-06-2017	990.69	998.8	976.0	976.78	3782389
28-06-2017	978.55	990.68	969.21	990.33	3737567
29-06-2017	979.0	987.56	965.25	975.93	4302968
30-06-2017	980.12	983.47	967.61	968.0	3390345
03-07-2017	972.79	974.49	9.510.001	953.66	2909108
05-07-2017	961.53	975.0	955.25	971.4	3652955
06-07-2017	964.66	974.4	959.02	965.14	3259613
07-07-2017	969.55	980.11	969.14	978.76	2643387
10-07-2017	985.0	9.994.392	983.5	996.47	3546268
11-07-2017	993.0	995.99	983.72	994.13	2982726
12-07-2017	1000.65	1008.55	998.1	1006.51	3608574
13-07-2017	1004.62	1006.88	995.9	1000.63	2880769
14-07-2017	1002.4	1004.45	996.89	1001.81	2102469
17-07-2017	1004.69	1014.75	1003.81	1010.04	3712587
18-07-2017	1006.0	1026.03	1004.0	1024.45	4007624
19-07-2017	1025.0	1031.59	1022.5	1026.87	2963964
20-07-2017	1031.59	1034.97	1022.51	1028.7	3097487
21-07-2017	1021.28	1026.1	1011.0	1025.67	2734577
24-07-2017	1028.34	1043.01	1027.43	1038.95	3288020
25-07-2017	1038.05	1043.33	1032.48	1039.87	2447629
26-07-2017	1043.2	1053.2	1043.2	1052.8	2921253
27-07-2017	1069.55	1083.31	1040.18	1046.0	10991715
28-07-2017	1012.14	1032.85	1001.0	1020.04	7709420
31-07-2017	1019.05	1019.05	987.02	987.78	7352063
01-08-2017	996.11	1006.4	991.58	996.19	2650376
02-08-2017	1001.77	1003.21	981.73	995.89	4069993
03-08-2017	999.47	999.5	984.59	986.92	3255764
04-08-2017	989.68	991.672	982.0	987.58	2730308
07-08-2017	990.65	995.0	987.14	992.27	2676607
08-08-2017	994.35	996.28	985.79	989.84	2902815
09-08-2017	982.6	988.0	975.27	982.01	3569731
10-08-2017	976.295	979.86	954.68	956.92	5684068
11-08-2017	960.0	970.39	951.38	967.99	3468017
14-08-2017	978.41	985.5	976.19	983.3	3172892
15-08-2017	988.9	991.74	982.0	982.74	2549295
16-08-2017	981.65	9.864.605	973.22	978.18	3132066
17-08-2017	977.84	977.84	960.32	960.57	3512397
18-08-2017	961.4	965.43	954.65	958.47	3284821
21-08-2017	957.57	961.2	945.46	953.29	3164483
22-08-2017	955.52	967.93	955.495	966.9	2749970
23-08-2017	959.38	962.0	954.2	958.0	2668264
24-08-2017	957.42	959.0	941.14	952.45	5195726
25-08-2017	956.0	957.621	944.1	945.26	3324791
28-08-2017	946.54	953.0	942.25	946.02	2596737
29-08-2017	940.0	956.0	936.33	954.06	2874299
30-08-2017	958.44	969.41	9.569.062	967.59	2904604
31-08-2017	974.7	981.0	972.76	980.6	3331488
01-09-2017	984.2	984.5	976.875	978.25	2535917
05-09-2017	975.4	9.767.699	960.37	965.27	2998649
06-09-2017	968.32	971.84	960.6	967.8	2129861
07-09-2017	974.0	980.59	972.55	979.47	2566794
08-09-2017	979.1	979.88	963.47	965.9	2605322
11-09-2017	974.46	981.94	974.22	977.96	2186666
12-09-2017	983.27	9.846.718	975.517	982.58	2481066
13-09-2017	983.97	1000.0	979.42	999.6	3374650
14-09-2017	996.8	998.56	987.74	992.21	3913263
15-09-2017	993.01	996.25	984.03	986.79	3760183
18-09-2017	990.4	9.927.922	968.17	974.19	3411324
19-09-2017	977.25	978.24	967.46	969.86	2671054
20-09-2017	971.79	974.81	9.621.626	973.21	2888795
21-09-2017	971.31	971.7	962.02	964.65	2337576
22-09-2017	961.01	965.61	954.42	955.1	2641787
25-09-2017	949.31	949.42	932.89	939.79	5123997
26-09-2017	945.49	948.63	931.75	938.6	3564848
27-09-2017	948.0	955.3	943.3	950.87	3148933
28-09-2017	951.86	959.7	950.101	956.4	2522567
29-09-2017	960.11	964.83	958.375	961.35	2543759
02-10-2017	964.0	967.305	9.521.201	959.19	2442937
03-10-2017	958.0	963.69	950.37	957.1	2666574
04-10-2017	954.21	967.79	954.05	965.45	2527352
05-10-2017	970.0	981.51	969.64	980.85	3229224
06-10-2017	975.64	995.75	975.64	989.58	3782067
09-10-2017	993.24	998.5	987.5	990.99	2938586
10-10-2017	996.67	997.95	980.099	987.2	3084921
11-10-2017	991.27	995.5	986.695	995.0	2337113
12-10-2017	996.81	1008.44	992.4	1000.93	4067317
13-10-2017	1007.0	1007.77	1001.03	1002.94	2431462
16-10-2017	1008.44	1009.57	1001.04	1006.34	2008908
17-10-2017	1005.59	1011.47	1004.38	1009.13	2319742
18-10-2017	1009.27	1022.31	996.55	997.0	2499681
19-10-2017	990.0	991.05	980.24	986.61	3108197
20-10-2017	993.53	994.62	982.0	982.91	2365122
23-10-2017	986.73	986.775	962.5	966.3	3494100
24-10-2017	969.0	979.85	965.0	975.9	2723935
25-10-2017	978.0	984.44	966.24	972.91	3033113
26-10-2017	980.33	982.9	968.55	972.43	5618675
27-10-2017	1058.14	1105.58	1050.55	1100.95	16565021
30-10-2017	1095.01	1122.79	1093.56	1110.85	6613064
31-10-2017	1109.0	1110.54	1101.12	1105.28	3476967
01-11-2017	1105.4	1108.97	1096.74	1103.68	3755511
02-11-2017	1097.81	1101.93	1086.87	1094.22	3684876
03-11-2017	1091.15	1112.68	1088.52	1111.6	3751480
06-11-2017	1109.15	1125.41	1108.77	1120.66	3381138
07-11-2017	1124.74	1130.6	1117.5	1123.17	2688977
08-11-2017	1122.82	1135.54	1119.11	1132.88	2581451
09-11-2017	1125.96	1129.62	1115.77	1129.13	3725774
10-11-2017	1126.1	1131.75	1124.06	1125.35	2179937
13-11-2017	1123.0	1139.9	1122.34	1129.17	2918439
14-11-2017	1130.11	1138.0	1123.89	1136.84	3138423
15-11-2017	1127.01	1131.75	1121.63	1126.69	3928680
16-11-2017	1130.16	1138.16	1130.05	1137.29	2213322
17-11-2017	1138.28	1138.8	1125.81	1129.88	2413388
20-11-2017	1129.77	1133.42	1122.55	1126.31	2163855
21-11-2017	1132.86	1140.0	1128.2	1139.49	2479397
22-11-2017	1141.0	1160.27	1141.0	1156.16	3555273
24-11-2017	1160.7	1186.84	1160.7	1186.0	3528011
27-11-2017	1202.66	1213.41	1191.15	1195.83	6744045
28-11-2017	1204.88	1205.34	1188.52	1193.6	4559449
29-11-2017	1194.8	1194.8	1145.19	1161.27	9257512
30-11-2017	1167.1	1178.57	1160.0	1176.75	4509208
01-12-2017	1172.05	1179.65	1152.0	1162.35	4107094
04-12-2017	1173.85	1175.2	1128.0	1133.95	5931915
05-12-2017	1128.26	1159.27	1124.74	1141.57	4079774
06-12-2017	1137.99	1155.89	1136.08	1152.35	2853316
07-12-2017	1156.59	1163.19	1151.0	1159.79	2511569
08-12-2017	1170.4	1172.79	1157.1	1162.0	3050074
11-12-2017	1164.6	1169.9	1157.0	1168.92	2363473
12-12-2017	1166.51	1173.6	1161.61	1165.08	2235892
13-12-2017	1170.0	1170.87	1160.27	1164.13	2616760
14-12-2017	1163.71	1177.93	1162.45	1174.26	3214337
15-12-2017	1179.03	1182.75	1169.33	1179.14	4778621
18-12-2017	1187.37	1194.78	1180.91	1190.58	2947625
19-12-2017	1189.15	1192.97	1179.14	1187.38	2587792
20-12-2017	1190.5	1191.0	1176.0	1177.62	2371166
21-12-2017	1175.9	1179.17	1167.64	1174.76	2123117
22-12-2017	1172.08	1174.62	1167.83	1168.36	1585054
26-12-2017	1168.36	1178.32	1160.55	1176.76	2005187
27-12-2017	1179.91	1187.29	1175.61	1182.26	1867208
28-12-2017	1189.0	1190.1	1184.38	1186.1	1841676
29-12-2017	1182.35	1184.0	1167.5	1169.47	2688391
02-01-2018	1172.0	1190.0	1170.51	1189.01	2694494
03-01-2018	1188.3	1205.49	1188.3	1204.2	3108793
04-01-2018	1205.0	1215.87	1204.66	1209.59	3022089
05-01-2018	1217.51	1229.14	1210.0	1229.14	3544743
08-01-2018	1236.0	1253.08	1232.03	1246.87	4279475
09-01-2018	1256.9	1259.33	1241.76	1252.7	3661316
10-01-2018	1245.15	1254.33	1237.23	1254.33	2686017
11-01-2018	1259.74	1276.77	1256.46	1276.68	3125048
12-01-2018	1273.39	1305.76	1273.39	1305.2	5443730
16-01-2018	1323.0	1339.94	1292.3	1304.86	7220701
17-01-2018	1312.24	1314.0	1280.88	1295.0	5253754
18-01-2018	1293.95	1304.6	1284.02	1293.32	4026915
19-01-2018	1312.0	1313.0	1292.99	1294.58	4578536
22-01-2018	1297.17	1327.45	1296.66	1327.31	4140061
23-01-2018	1338.09	1364.9	1337.34	1362.54	5169306
24-01-2018	1374.82	1388.16	1338.0	1357.51	6807457
25-01-2018	1368.0	1378.34	1357.62	1377.95	4753012
26-01-2018	1392.01	1402.53	1380.91	1402.05	4857310
29-01-2018	1409.18	1431.39	1400.44	1417.68	5701898
30-01-2018	1403.17	1439.25	1392.0	1437.82	5871942
31-01-2018	1451.3	1472.58	1450.04	1450.89	6424693
01-02-2018	1445.0	1459.88	1385.14	1390.0	9113808
02-02-2018	1477.39	1498.0	1414.0	1429.95	11125722
05-02-2018	1402.62	1458.98	1320.72	1390.0	11494985
06-02-2018	1361.46	1443.99	1351.79	1442.84	11066819
07-02-2018	1449.0	1460.99	1415.15	1416.78	7162741
08-02-2018	1429.67	1433.75	1349.94	1350.5	8578557
09-02-2018	1373.49	1383.5	1265.93	1339.6	14141524
12-02-2018	1364.67	1393.81	1344.01	1386.23	6738944
13-02-2018	1385.93	1419.72	1383.53	1414.51	5917879
14-02-2018	1406.25	1452.06	1403.36	1451.05	5959209
15-02-2018	1466.89	1468.94	1436.84	1461.76	5652736
16-02-2018	1457.37	1465.8	1446.56	1448.69	4472564
20-02-2018	1446.49	1488.77	1446.49	1468.35	6499228
21-02-2018	1485.0	1503.49	1478.92	1482.92	6304351
22-02-2018	1495.36	1502.54	1475.76	1485.34	4858063
23-02-2018	1495.34	1500.0	1486.5	1500.0	4418103
26-02-2018	1509.2	1522.84	1507.0	1521.95	4954988
27-02-2018	1524.5	1526.78	1507.21	1511.98	4808776
28-02-2018	1519.51	1528.7	1512.0	1512.45	4515023
01-03-2018	1513.6	1518.49	1465.0	1493.45	6835230
02-03-2018	1469.1	1501.05	1455.01	1500.25	6587564
05-03-2018	1494.24	1525.38	1481.0	1523.61	5233934
06-03-2018	1533.2	1542.13	1528.0	1537.64	4561718
07-03-2018	1526.52	1545.9	1522.51	1545.0	4174123
08-03-2018	1550.0	1554.88	1545.25	1551.86	3862615
09-03-2018	1563.5	1578.94	1559.08	1578.89	4534250
12-03-2018	1592.6	1605.33	1586.7	1598.39	5174211
13-03-2018	1615.96	1617.54	1578.01	1588.18	6531892
14-03-2018	1597.0	1606.44	1590.89	1591.0	4259443
15-03-2018	1595.0	1596.91	1578.11	1582.32	4069701
16-03-2018	1583.45	1589.44	1567.5	1571.68	5425012
19-03-2018	1554.53	1561.66	1525.35	1544.93	6580766
20-03-2018	1550.34	1587.0	1545.41	1586.51	4581568
21-03-2018	1586.45	1590.0	1563.17	1581.86	4750771
22-03-2018	1565.47	1573.85	1542.4	1544.92	6320551
23-03-2018	1539.01	1549.02	1495.36	1495.56	8006033
26-03-2018	1530.0	1556.99	1499.25	1555.86	5624700
27-03-2018	1572.4	1575.96	1482.32	1497.05	6999631
28-03-2018	1447.0	1455.9	1386.17	1431.42	13705317
29-03-2018	1406.0	1455.47	1365.2	1447.34	12581121
02-04-2018	1417.62	1421.36	1355.0	1371.99	10463607
03-04-2018	1391.38	1414.0	1355.33	1392.05	10231212
04-04-2018	1358.24	1415.39	1352.88	1410.57	6982305
05-04-2018	1441.99	1459.56	1427.07	1451.75	6413459
06-04-2018	1429.97	1452.5	1400.26	1405.23	5882257
09-04-2018	1425.03	1438.48	1402.57	1406.08	4208206
10-04-2018	1431.99	1438.38	1415.7	1436.22	4280144
11-04-2018	1439.44	1448.78	1424.89	1427.05	3582533
12-04-2018	1439.5	1452.12	1435.06	1448.5	3135027
13-04-2018	1449.14	1459.78	1424.52	1430.79	3685267
16-04-2018	1445.0	1447.0	1427.48	1441.5	2808624
17-04-2018	1462.3	1507.19	1457.02	1503.83	5114403
18-04-2018	1514.65	1533.8	1504.11	1527.84	5227509
19-04-2018	1543.22	1568.52	1539.06	1556.91	6523728
20-04-2018	1561.2	1561.2	1516.09	1527.49	5541622
23-04-2018	1546.69	1548.0	1503.41	1517.86	4465424
24-04-2018	1535.8	1539.5	1448.45	1460.09	7494699
25-04-2018	1458.0	1469.99	1415.02	1460.17	6587290
26-04-2018	1485.01	1529.42	1478.5	1517.96	8801101
27-04-2018	1634.01	1638.1	1567.39	1572.62	13053241
30-04-2018	1582.5	1596.0	1560.94	1566.13	5464085
01-05-2018	1563.22	1585.0	1552.18	1582.26	4572071
02-05-2018	1580.98	1588.5	1566.36	1569.68	4360273
03-05-2018	1560.01	1574.8	1546.02	1572.08	4251917
04-05-2018	1562.45	1584.9	1562.19	1580.95	3443567
07-05-2018	1589.34	1606.95	1587.83	1600.14	3801855
08-05-2018	1595.0	1596.88	1582.51	1592.39	3067949
09-05-2018	1600.0	1608.0	1592.0	1608.0	3637302
10-05-2018	1608.48	1615.6	1603.44	1609.08	2817450
11-05-2018	1610.99	1611.1	1597.89	1602.91	2263900
14-05-2018	1604.0	1611.18	1600.05	1601.54	2509483
15-05-2018	1587.8	1587.8	1565.22	1576.12	5077465
16-05-2018	1577.5	1594.43	1576.67	1587.28	2570572
17-05-2018	1580.56	1594.04	1573.0	1581.76	2147606
18-05-2018	1581.33	1583.59	1572.1	1574.37	2642584
21-05-2018	1585.0	1592.05	1575.0	1585.46	2925235
22-05-2018	1589.89	1589.89	1575.25	1581.4	2115639
23-05-2018	1571.05	1601.86	1566.34	1601.86	3361892
24-05-2018	1598.03	1608.24	1588.38	1603.07	3429975
25-05-2018	1603.0	1614.12	1600.45	1610.15	2698400
29-05-2018	1600.71	1621.79	1600.15	1612.87	3846477
30-05-2018	1618.1	1626.0	1612.93	1624.89	2907357
31-05-2018	1623.0	1635.0	1621.35	1629.62	3166330
01-06-2018	1637.03	1646.73	1635.09	1641.54	3313385
04-06-2018	1648.9	1665.68	1645.49	1665.27	3187737
05-06-2018	1672.99	1699.0	1670.06	1696.35	4782177
06-06-2018	1704.51	1714.5	1686.47	1695.75	5473213
07-06-2018	1698.56	1699.9	1676.11	1689.3	3765687
08-06-2018	1681.12	1689.44	1673.01	1683.99	2955110
11-06-2018	1681.51	1694.24	1680.59	1689.12	2335484
12-06-2018	1693.0	1699.51	1691.52	1698.75	2259215
13-06-2018	1702.81	1713.75	1700.12	1704.86	3327529
14-06-2018	1713.48	1724.8	1708.87	1723.86	3174415
15-06-2018	1714.0	1720.87	1708.52	1715.97	4777646
18-06-2018	1706.26	1726.74	1702.56	1723.79	3107742
19-06-2018	1709.04	1736.11	1700.39	1734.78	4290117
20-06-2018	1742.5	1762.93	1741.36	1750.08	4332591
21-06-2018	1760.0	1763.1	1717.56	1730.22	4941148
22-06-2018	1742.62	1743.0	1711.9	1715.67	4075124
25-06-2018	1702.51	1705.0	1646.31	1663.15	7511196
26-06-2018	1672.37	1701.57	1663.34	1691.09	4386585
27-06-2018	1708.11	1711.95	1660.0	1660.51	4872201
28-06-2018	1672.54	1705.5	1661.17	1701.45	4529700
29-06-2018	1717.0	1723.41	1694.32	1699.8	4543508
02-07-2018	1682.7	1713.89	1678.06	1713.78	3185696
03-07-2018	1723.96	1725.0	1692.48	1693.96	2177276
05-07-2018	1705.38	1710.69	1682.15	1699.73	2983110
06-07-2018	1696.0	1715.27	1691.67	1710.63	2650262
09-07-2018	1724.05	1739.56	1716.23	1739.02	3011988
10-07-2018	1738.53	1750.0	1731.0	1743.07	3002905
11-07-2018	1737.99	1756.96	1734.0	1755.0	3209782
12-07-2018	1764.51	1798.0	1762.18	1796.62	4532743
13-07-2018	1803.93	1815.3	1795.22	1813.03	4386679
16-07-2018	1821.95	1841.95	1814.45	1822.49	5466195
17-07-2018	1811.56	1851.69	1797.38	1843.93	5682881
18-07-2018	1848.0	1858.88	1831.27	1842.92	4861913
19-07-2018	1829.46	1841.0	1811.27	1812.97	4676942
20-07-2018	1825.01	1834.84	1810.06	1813.7	3891566
23-07-2018	1812.21	1819.0	1769.99	1802.0	3888462
24-07-2018	1829.01	1840.0	1809.38	1829.24	4278723
25-07-2018	1829.3	1863.84	1822.64	1863.61	3836333
26-07-2018	1839.0	1844.68	1804.5	1808.0	9924371
27-07-2018	1876.05	1880.05	1806.53	1817.27	9680959
30-07-2018	1827.33	1829.5	1766.02	1779.22	6562321
31-07-2018	1786.49	1801.83	1739.32	1777.44	5738713
01-08-2018	1784.0	1798.44	1776.02	1797.17	4153096
02-08-2018	1788.77	1836.56	1786.0	1834.33	4354681
03-08-2018	1837.74	1841.0	1821.5	1823.29	3460487
06-08-2018	1825.81	1847.77	1818.92	1847.75	3391825
07-08-2018	1854.53	1869.72	1846.27	1862.48	3377473
08-08-2018	1861.0	1891.51	1854.5	1886.52	3963017
09-08-2018	1882.0	1914.57	1877.48	1898.52	4860374
10-08-2018	1888.51	1899.5	1878.21	1886.3	3639927
13-08-2018	1898.5	1925.0	1893.67	1896.2	5531475
14-08-2018	1919.39	1921.01	1900.0	1919.65	3986123
15-08-2018	1909.55	1916.21	1869.79	1882.62	7700682
16-08-2018	1903.94	1905.0	1883.55	1886.52	3957090
17-08-2018	1885.8	1888.0	1855.55	1882.22	4104300
20-08-2018	1890.57	1891.75	1866.06	1876.71	2862016
21-08-2018	1880.0	1897.75	1874.4	1883.42	3105626
22-08-2018	1876.64	1905.8	1876.64	1904.9	3080464
23-08-2018	1907.17	1919.5	1900.76	1902.9	3562997
24-08-2018	1910.51	1916.01	1902.54	1905.39	2800863
27-08-2018	1915.0	1927.7	1909.28	1927.68	3569037
28-08-2018	1937.73	1941.78	1928.82	1932.82	3100727
29-08-2018	1953.45	1998.69	1948.94	1998.1	6531761
30-08-2018	1997.42	2025.57	1986.9	2002.38	7277257
31-08-2018	2007.0	2022.38	2004.74	2012.71	4204378
04-09-2018	2026.5	2050.5	2013.0	2039.51	5721093
05-09-2018	2038.11	2040.38	1989.89	1994.82	8220576
06-09-2018	2006.51	2007.5	1935.21	1958.31	7488680
07-09-2018	1938.71	1975.2	1937.35	1952.07	4892643
10-09-2018	1971.0	1973.04	1931.52	1939.01	4544831
11-09-2018	1928.27	1988.88	1917.0	1987.15	5033645
12-09-2018	1994.0	2000.0	1962.44	1990.0	4414012
13-09-2018	2000.0	2008.76	1982.03	1989.87	3621511
14-09-2018	1992.93	1993.65	1959.22	1970.19	3642030
17-09-2018	1954.73	1956.82	1887.41	1908.03	7050192
18-09-2018	1918.65	1958.2	1915.44	1941.05	4268706
19-09-2018	1940.5	1940.83	1904.9	1926.42	4056822
20-09-2018	1938.58	1955.0	1932.25	1944.3	3154934
21-09-2018	1954.22	1957.31	1910.5	1915.01	6855898
24-09-2018	1903.79	1936.88	1865.0	1934.36	4213728
25-09-2018	1942.9	1975.91	1938.85	1974.55	4538407
26-09-2018	1968.5	1995.25	1961.52	1974.85	4313459
27-09-2018	1993.24	2016.16	1988.58	2012.98	4329391
28-09-2018	2004.41	2026.52	1996.46	2003.0	4085135
01-10-2018	2021.99	2033.19	2003.6	2004.36	3468285
02-10-2018	1999.99	2013.39	1965.77	1971.31	5400749
03-10-2018	1981.7	1989.7	1949.81	1952.76	5253131
04-10-2018	1949.0	1956.0	1896.57	1909.42	7256973
05-10-2018	1917.99	1929.08	1862.83	1889.65	6822327
08-10-2018	1874.0	1902.0	1830.66	1864.42	7393199
09-10-2018	1859.99	1896.68	1852.32	1870.32	4772866
10-10-2018	1857.89	1858.56	1754.41	1755.25	10988855
11-10-2018	1724.0	1755.4	1685.1	1719.36	13935872
12-10-2018	1808.0	1808.95	1742.53	1788.61	9444587
15-10-2018	1795.0	1795.05	1734.23	1760.95	6437162
16-10-2018	1783.5	1823.88	1761.55	1819.96	5859918
17-10-2018	1842.79	1845.0	1807.0	1831.73	5295177
18-10-2018	1821.49	1830.15	1767.87	1770.72	5873995
19-10-2018	1785.16	1809.1	1753.0	1764.03	5907246
22-10-2018	1784.0	1809.5	1756.0	1789.3	4500015
23-10-2018	1742.24	1776.34	1714.0	1768.7	6723913
24-10-2018	1773.7	1777.71	1656.56	1664.2	6928383
25-10-2018	1703.34	1794.81	1692.01	1782.17	10285742
26-10-2018	1649.59	1698.46	1603.0	1642.81	14963783
29-10-2018	1660.0	1665.74	1495.0	1538.88	13866077
30-10-2018	1486.16	1540.99	1476.36	1530.42	12460086
31-10-2018	1569.99	1623.91	1565.09	1598.01	9390211
01-11-2018	1623.53	1670.45	1598.44	1665.53	8135539
02-11-2018	1678.59	1697.44	1651.83	1665.53	6955548
05-11-2018	1657.57	1658.09	1596.36	1627.8	5624727
06-11-2018	1618.35	1665.0	1614.55	1642.81	4257353
07-11-2018	1673.0	1759.23	1664.08	1755.49	8192234
08-11-2018	1755.0	1784.0	1725.11	1754.91	6534866
09-11-2018	1732.5	1743.92	1701.87	1712.43	5902186
12-11-2018	1698.24	1708.55	1630.01	1636.85	6806245
13-11-2018	1649.29	1677.06	1613.75	1631.17	5933271
14-11-2018	1656.32	1673.0	1597.07	1599.01	6486891
15-11-2018	1581.01	1624.82	1546.51	1619.44	8427337
16-11-2018	1587.5	1614.48	1573.12	1593.41	6066080
19-11-2018	1577.01	1581.19	1503.36	1512.29	7789981
20-11-2018	1437.5	1534.75	1420.0	1495.46	10878823
21-11-2018	1542.99	1550.0	1515.0	1516.73	5716800
23-11-2018	1517.0	1536.2	1501.81	1502.06	2707642
26-11-2018	1539.0	1584.81	1524.22	1581.33	6257716
27-11-2018	1575.99	1597.65	1558.01	1581.42	5783227
28-11-2018	1613.92	1681.45	1601.21	1677.75	8458738
29-11-2018	1674.99	1689.99	1652.33	1673.57	6613243
30-11-2018	1679.5	1696.0	1666.5	1690.17	5761761
03-12-2018	1769.46	1778.34	1730.0	1772.36	6862160
04-12-2018	1756.0	1770.34	1665.0	1668.4	8694455
06-12-2018	1614.87	1701.05	1609.85	1699.19	8789394
07-12-2018	1705.07	1718.93	1625.46	1629.13	7576132
10-12-2018	1623.84	1657.99	1590.87	1641.03	7494808
11-12-2018	1678.0	1679.47	1619.6	1643.24	6244695
12-12-2018	1669.0	1704.99	1660.27	1663.54	6597968
13-12-2018	1680.0	1692.12	1641.5	1658.38	5271162
14-12-2018	1638.0	1642.57	1585.0	1591.91	6367163
17-12-2018	1566.0	1576.13	1505.01	1520.91	8829762
18-12-2018	1540.0	1567.55	1523.01	1551.48	6522975
19-12-2018	1543.05	1584.53	1483.18	1495.08	8792189
20-12-2018	1484.0	1509.5	1432.69	1460.83	9991833
21-12-2018	1464.99	1480.0	1363.96	1377.45	13640320
24-12-2018	1346.0	1396.03	1307.0	1343.96	7219996
26-12-2018	1368.89	1473.16	1363.01	1470.9	10411801
27-12-2018	1454.2	1469.0	1390.31	1461.64	9722034
28-12-2018	1473.35	1513.47	1449.0	1478.02	8828950
31-12-2018	1510.8	1520.76	1487.0	1501.97	6954507
